82 94
0
1
2
3
4
5
6
8
9
10
11
12
13
14
15
16
17
18
19
20
21
22
23
24
25
26
27
28
29
31
33
34
35
36
39
40
41
42
43
44
45
47
48
50
51
52
53
55
56
57
58
59
61
63
64
65
66
67
68
69
71
73
74
75
76
77
78
79
80
81
82
86
87
88
90
91
92
93
94
97
98
99
0 65
0 66
1 17
2 20
2 79
2 91
3 22
3 68
4 23
4 29
4 51
4 94
5 48
6 68
6 76
6 82
8 19
9 78
9 80
9 82
9 92
10 41
11 13
11 25
11 57
11 63
12 33
13 35
13 55
13 57
13 81
14 28
14 35
14 44
14 58
15 20
15 55
16 36
16 44
16 65
16 86
17 56
17 99
18 61
19 55
19 67
19 78
20 69
20 73
21 29
21 90
21 99
22 88
23 78
24 91
25 78
25 79
25 99
26 64
27 41
27 92
28 74
31 34
31 44
31 91
33 34
34 39
35 55
39 59
39 87
40 47
41 97
42 52
42 71
42 86
43 56
43 80
44 47
45 94
47 81
48 76
50 53
51 76
52 64
53 99
57 67
59 77
61 92
64 73
65 91
66 98
67 82
71 75
90 93
0
19
76
0
44
55
0
0
31
